{
    "msg": "成功",
    "data": {
        "2018-08": {
            "timestamp": ["2018-08-27 00:00:00", "2018-08-27 04:00:00", "2018-08-27 08:00:00", "2018-08-27 12:00:00", "2018-08-27 16:00:00", "2018-08-27 20:00:00", "2018-08-28 00:00:00", "2018-08-28 04:00:00", "2018-08-28 08:00:00", "2018-08-28 12:00:00", "2018-08-28 16:00:00", "2018-08-28 20:00:00", "2018-08-29 00:00:00", "2018-08-29 04:00:00", "2018-08-29 08:00:00", "2018-08-29 12:00:00", "2018-08-29 16:00:00", "2018-08-29 20:00:00", "2018-08-30 00:00:00", "2018-08-30 04:00:00", "2018-08-30 08:00:00", "2018-08-30 12:00:00", "2018-08-30 16:00:00", "2018-08-30 20:00:00", "2018-08-31 00:00:00", "2018-08-31 04:00:00", "2018-08-31 08:00:00", "2018-08-31 12:00:00", "2018-08-31 16:00:00", "2018-08-31 20:00:00"],
            "data": {
                "temperature": [0, 0, 0, 0, 0, 0, 0, 0, 0, 0, 0, 0, 0, 0, 0, 0, 0, 0, 0, 0, 0, 0, 0, 0, 0, 0, 0, 0.7988, 0.7988, 0.8018],
                "pH": [0, 0, 0, 0, 0, 0, 0, 0, 0, 0, 0, 0, 0, 0, 0, 0, 0, 0, 0, 0, 0, 0, 0, 0, 0, 0, 0, 0.7902, 0.771, 0.8009],
                "EC": [0, 0, 0, 0, 0, 0, 0, 0, 0, 0, 0, 0, 0, 0, 0, 0, 0, 0, 0, 0, 0, 0, 0, 0, 0, 0, 0, 0.1802, 0.1803, 0.1805],
                "ORP": [0.3689, 0.3689, 0.3689, 0.3689, 0.3689, 0.3689, 0.3689, 0.3689, 0.3689, 0.3689, 0.3689, 0.3689, 0.3689, 0.3689, 0.3689, 0.3689, 0.3689, 0.3689, 0.3689, 0.3689, 0.3689, 0.3689, 0.3689, 0.3689, 0.3689, 0.3689, 0.3689, 0.3689, 0.3689, 0.3689],
                "DO": [0.035, 0.035, 0.035, 0.035, 0.035, 0.035, 0.035, 0.035, 0.035, 0.035, 0.035, 0.035, 0.035, 0.035, 0.035, 0.035, 0.035, 0.035, 0.035, 0.035, 0.035, 0.035, 0.035, 0.035, 0.035, 0.035, 0.035, 0.121, 0.0965, 0.0916],
                "turbidity": [0, 0, 0, 0, 0, 0, 0, 0, 0, 0, 0, 0, 0, 0, 0, 0, 0, 0, 0, 0, 0, 0, 0, 0, 0, 0, 0, 0.0061, 0.0058, 0.0058],
                "transparency": [0.3081, 0.3081, 0.3081, 0.3081, 0.3081, 0.3081, 0.3081, 0.3081, 0.3081, 0.3081, 0.3081, 0.3081, 0.3903, 0.3081, 0.3903, 0.3081, 0.3025, 0.3081, 0.2997, 0.3081, 0.3128, 0.3081, 0.4127, 0.3081, 0.45, 0.3081, 0.2997, 0.3081, 0.2484, 0.3081],
                "COD": [0, 0, 0, 0, 0, 0, 0, 0, 0, 0, 0, 0, 0, 0, 0, 0, 0, 0, 0, 0, 0, 0, 0, 0, 0, 0, 0, 0.3562, 0.3219, 0.3463],
                "P": [0, 0, 0, 0, 0, 0, 0, 0, 0, 0, 0, 0, 0, 0, 0, 0, 0, 0, 0, 0, 0, 0, 0, 0, 0, 0, 0, 0.2065, 0.2163, 0],
                "NH3N": [0, 0, 0, 0, 0, 0, 0, 0, 0, 0, 0, 0, 0, 0, 0, 0, 0, 0, 0, 0, 0, 0, 0, 0, 0, 0, 0, 0.5181, 0.5155, 0.5258],
                "flux": [0.8116, 0.8116, 0.8116, 0.8116, 0.8116, 0.8116, 0.8116, 0.8116, 0.8116, 0.8116, 0.8116, 0.8116, 0.8116, 0.8116, 0.8116, 0.8116, 0.8116, 0.8116, 0.8116, 0.8116, 0.8116, 0.8116, 0.8116, 0.8116, 0.8116, 0.8116, 0.8116, 0.8537, 0.8121, 0.8116]
            },
            "errorarea": {
                "设备异常": [],
                "统计异常": [],
                "序列异常": []
            },
            "correlation": {
                "fields": ["temperature", "pH", "EC", "ORP", "DO", "turbidity", "transparency", "COD", "P", "NH3N", "flux"],
                "value": [
                    [1, 0.999886001249791, 0.9999992343197723, -1.3881289662378705e-16, 0.9805401550158567, 0.9996054393276257, -0.26791357576888936, 0.9990305238277531, 0.8004184330151718, 0.9999749242393946, 0.563975871574282],
                    [0.999886001249791, 1, 0.9998695596421473, 1.566512223685817e-17, 0.9806640614824589, 0.9995693819085137, -0.2645269842826206, 0.99946301653975, 0.7935619116905269, 0.9999567473960981, 0.5667579792555921],
                    [0.9999992343197723, 0.9998695596421473, 1, 2.222873739964493e-16, 0.980654984426406, 0.9996179113843688, -0.2681013209565652, 0.9990090736876039, 0.8011511598191002, 0.9999654534986618, 0.5643211419383134],
                    [-1.3881289662378705e-16, 1.566512223685817e-17, 2.222873739964493e-16, 1, -8.887533116251808e-16, 3.2838346276414924e-17, -3.5975508946479682e-16, -1.4436049632956513e-16, -7.344593187810669e-17, 9.492168387208322e-17, 3.185385138042851e-14],
                    [0.9805401550158567, 0.9806640614824589, 0.980654984426406, -8.887533116251808e-16, 1, 0.9856371335503863, -0.24679024676198222, 0.9850607729669153, 0.8557782311997413, 0.9799995197482718, 0.7132813119454842],
                    [0.9996054393276257, 0.9995693819085137, 0.9996179113843688, 3.2838346276414924e-17, 0.9856371335503863, 1, -0.26490599864726827, 0.9995152668626253, 0.8087861134162303, 0.9995263279990393, 0.5869245066003282],
                    [-0.26791357576888936, -0.2645269842826206, -0.2681013209565652, -3.5975508946479682e-16, -0.24679024676198222, -0.26490599864726827, 1, -0.25801706114775025, -0.288716983723596, -0.26669615927083895, -0.0580874204014785],
                    [0.9990305238277531, 0.99946301653975, 0.9990090736876039, -1.4436049632956513e-16, 0.9850607729669153, 0.9995152668626253, -0.25801706114775025, 1, 0.7934127884432776, 0.999156306715932, 0.5904077180939409],
                    [0.8004184330151718, 0.7935619116905269, 0.8011511598191002, -7.344593187810669e-17, 0.8557782311997413, 0.8087861134162303, -0.288716983723596, 0.7934127884432776, 1, 0.7963033529639806, 0.6871117097849953],
                    [0.9999749242393946, 0.9999567473960981, 0.9999654534986618, 9.492168387208322e-17, 0.9799995197482718, 0.9995263279990393, -0.26669615927083895, 0.999156306715932, 0.7963033529639806, 1, 0.5626309936240363],
                    [0.563975871574282, 0.5667579792555921, 0.5643211419383134, 3.185385138042851e-14, 0.7132813119454842, 0.5869245066003282, -0.0580874204014785, 0.5904077180939409, 0.6871117097849953, 0.5626309936240363, 1]
                ]
            },
            "health": {
                "fields": ["temperature", "pH", "EC", "ORP", "DO", "turbidity", "transparency", "COD", "P", "NH3N", "flux"],
                "value": [0, 1, 0, 0, 0, 0, 1, 0, 0, 0, 0]
            }
        },
        "2018-09": {
            "timestamp": ["2018-09-01 00:00:00", "2018-09-01 04:00:00", "2018-09-01 08:00:00", "2018-09-01 12:00:00", "2018-09-01 16:00:00", "2018-09-01 20:00:00", "2018-09-02 00:00:00", "2018-09-02 04:00:00", "2018-09-02 08:00:00", "2018-09-02 12:00:00", "2018-09-02 16:00:00", "2018-09-02 20:00:00", "2018-09-03 00:00:00", "2018-09-03 04:00:00", "2018-09-03 08:00:00", "2018-09-03 12:00:00", "2018-09-03 16:00:00", "2018-09-03 20:00:00", "2018-09-04 00:00:00", "2018-09-04 04:00:00", "2018-09-04 08:00:00", "2018-09-04 12:00:00", "2018-09-04 16:00:00", "2018-09-04 20:00:00", "2018-09-05 00:00:00", "2018-09-05 04:00:00", "2018-09-05 08:00:00", "2018-09-05 12:00:00", "2018-09-05 16:00:00", "2018-09-05 20:00:00", "2018-09-06 00:00:00", "2018-09-06 04:00:00", "2018-09-06 08:00:00", "2018-09-06 12:00:00", "2018-09-06 16:00:00", "2018-09-06 20:00:00", "2018-09-07 00:00:00", "2018-09-07 04:00:00", "2018-09-07 08:00:00", "2018-09-07 12:00:00", "2018-09-07 16:00:00", "2018-09-07 20:00:00", "2018-09-08 00:00:00", "2018-09-08 04:00:00", "2018-09-08 08:00:00", "2018-09-08 12:00:00", "2018-09-08 16:00:00", "2018-09-08 20:00:00", "2018-09-09 00:00:00", "2018-09-09 04:00:00", "2018-09-09 08:00:00", "2018-09-09 12:00:00", "2018-09-09 16:00:00", "2018-09-09 20:00:00", "2018-09-10 00:00:00", "2018-09-10 04:00:00", "2018-09-10 08:00:00", "2018-09-10 12:00:00", "2018-09-10 16:00:00", "2018-09-10 20:00:00", "2018-09-11 00:00:00", "2018-09-11 04:00:00", "2018-09-11 08:00:00", "2018-09-11 12:00:00", "2018-09-11 16:00:00", "2018-09-11 20:00:00", "2018-09-12 00:00:00", "2018-09-12 04:00:00", "2018-09-12 08:00:00", "2018-09-12 12:00:00", "2018-09-12 16:00:00", "2018-09-12 20:00:00", "2018-09-13 00:00:00", "2018-09-13 04:00:00", "2018-09-13 08:00:00", "2018-09-13 12:00:00", "2018-09-13 16:00:00", "2018-09-13 20:00:00", "2018-09-14 00:00:00", "2018-09-14 04:00:00", "2018-09-14 08:00:00", "2018-09-14 12:00:00", "2018-09-14 16:00:00", "2018-09-14 20:00:00", "2018-09-15 00:00:00", "2018-09-15 04:00:00", "2018-09-15 08:00:00", "2018-09-15 12:00:00", "2018-09-15 16:00:00", "2018-09-15 20:00:00", "2018-09-16 00:00:00", "2018-09-16 04:00:00", "2018-09-16 08:00:00", "2018-09-16 12:00:00", "2018-09-16 16:00:00", "2018-09-16 20:00:00", "2018-09-17 00:00:00", "2018-09-17 04:00:00", "2018-09-17 08:00:00", "2018-09-17 12:00:00", "2018-09-17 16:00:00", "2018-09-17 20:00:00", "2018-09-18 00:00:00", "2018-09-18 04:00:00", "2018-09-18 08:00:00", "2018-09-18 12:00:00", "2018-09-18 16:00:00", "2018-09-18 20:00:00", "2018-09-19 00:00:00", "2018-09-19 04:00:00", "2018-09-19 08:00:00", "2018-09-19 12:00:00", "2018-09-19 16:00:00", "2018-09-19 20:00:00", "2018-09-20 00:00:00", "2018-09-20 04:00:00", "2018-09-20 08:00:00", "2018-09-20 12:00:00", "2018-09-20 16:00:00", "2018-09-20 20:00:00", "2018-09-21 00:00:00", "2018-09-21 04:00:00", "2018-09-21 08:00:00", "2018-09-21 12:00:00", "2018-09-21 16:00:00", "2018-09-21 20:00:00", "2018-09-22 00:00:00", "2018-09-22 04:00:00", "2018-09-22 08:00:00", "2018-09-22 12:00:00", "2018-09-22 16:00:00", "2018-09-22 20:00:00", "2018-09-23 00:00:00", "2018-09-23 04:00:00", "2018-09-23 08:00:00", "2018-09-23 12:00:00", "2018-09-23 16:00:00", "2018-09-23 20:00:00", "2018-09-24 00:00:00", "2018-09-24 04:00:00", "2018-09-24 08:00:00", "2018-09-24 12:00:00", "2018-09-24 16:00:00", "2018-09-24 20:00:00", "2018-09-25 00:00:00", "2018-09-25 04:00:00", "2018-09-25 08:00:00", "2018-09-25 12:00:00", "2018-09-25 16:00:00", "2018-09-25 20:00:00", "2018-09-26 00:00:00", "2018-09-26 04:00:00", "2018-09-26 08:00:00", "2018-09-26 12:00:00", "2018-09-26 16:00:00", "2018-09-26 20:00:00", "2018-09-27 00:00:00", "2018-09-27 04:00:00", "2018-09-27 08:00:00", "2018-09-27 12:00:00", "2018-09-27 16:00:00", "2018-09-27 20:00:00", "2018-09-28 00:00:00", "2018-09-28 04:00:00", "2018-09-28 08:00:00", "2018-09-28 12:00:00", "2018-09-28 16:00:00", "2018-09-28 20:00:00", "2018-09-29 00:00:00", "2018-09-29 04:00:00", "2018-09-29 08:00:00", "2018-09-29 12:00:00", "2018-09-29 16:00:00", "2018-09-29 20:00:00", "2018-09-30 00:00:00", "2018-09-30 04:00:00", "2018-09-30 08:00:00", "2018-09-30 12:00:00", "2018-09-30 16:00:00", "2018-09-30 20:00:00"],
            "data": {
                "temperature": [0.8018, 0.8018, 0.8018, 0.7988, 0.7988, 0.7988, 0.7988, 0.7957, 0.7957, 0.7957, 0.7957, 0.7957, 0.7957, 0.7957, 0.7957, 0.7957, 0.7957, 0.7957, 0.7957, 0.7957, 0.7927, 0.7927, 0.7927, 0.7927, 0.7927, 0.7896, 0.7896, 0.7591, 0.9207, 0.8994, 0.8963, 0.8872, 0.8841, 0.9146, 0.9055, 0.8994, 0.8963, 0.8872, 0.8841, 0.8811, 0.875, 0.872, 0.8659, 0.8567, 0.8476, 0.8476, 0.8415, 0.8506, 0.8415, 0.8354, 0.8232, 0.8354, 0.8537, 0.8476, 0.8293, 0.8201, 0.814, 0.8201, 0.8293, 0.8293, 0.8171, 0.811, 0.8049, 0.8079, 0.8201, 0.8232, 0.814, 0.811, 0.8049, 0.8079, 0.811, 0.811, 0.811, 0.811, 0.811, 0.8171, 0.8293, 0.8323, 0.8262, 0.8201, 0.8201, 0.8323, 0.8232, 0.8232, 0.8323, 0.8323, 0.8323, 0.8567, 0.8598, 0.8506, 0.8384, 0.8262, 0.8323, 0.8232, 0.8171, 0.8689, 0.8628, 0.8506, 0.8445, 0.8476, 0.8445, 0.8445, 0.8445, 0.8384, 0.8384, 0.8537, 0.8598, 0.8598, 0.8598, 0.8445, 0.8262, 0.872, 0.8872, 0.8811, 0.878, 0.8811, 0.8841, 0.8933, 0.872, 0.875, 0.8689, 0.8567, 0.8354, 0.8476, 0.8506, 0.8506, 0.8445, 0.8476, 0.8354, 0.8354, 0.8445, 0.8384, 0.8384, 0.8323, 0.8232, 0.8384, 0.8415, 0.8293, 0.8293, 0.8201, 0.814, 0.8171, 0.8323, 0.8201, 0.814, 0.8049, 0.7988, 0.8079, 0.8018, 0.7866, 0.7622, 0.7652, 0.7652, 0.7713, 0.7683, 0.7744, 0.7774, 0.753, 0.7561, 0.7652, 0.7835, 0.7805, 0.7652, 0.7561, 0.7561, 0.7683, 0.7805, 0.7866, 0.7805, 0.7622, 0.7591, 0.7591, 0.7622, 0.7744, 0.7591, 0.7439, 0.7378, 0.7439, 0.7561, 0.7652],
                "pH": [0.7774, 0.8104, 0.7284, 0.787, 0.7785, 0.7316, 0.7913, 0.8168, 0.7508, 0.738, 0.8264, 0.7284, 0.7977, 0.8094, 0.7412, 0.7529, 0.8222, 0.8232, 0.7977, 0.804, 0.8104, 0.7497, 0.7423, 0.7923, 0.7359, 0.7252, 0.7252, 0.8072, 0.7497, 0.8115, 0.8285, 0.8051, 0.7689, 0.8222, 0.7721, 0.7753, 0.8275, 0.8285, 0.7678, 0.7519, 0.804, 0.7721, 0.8275, 0.8136, 0.7316, 0.7998, 0.7306, 0.7508, 0.7263, 0.7732, 0.8168, 0.7636, 0.7934, 0.7955, 0.7412, 0.7945, 0.819, 0.787, 0.819, 0.7817, 0.8222, 0.7455, 0.7689, 0.8264, 0.8051, 0.8285, 0.7668, 0.7412, 0.7753, 0.7646, 0.7902, 0.7295, 0.787, 0.7295, 0.7423, 0.7391, 0.7284, 0.7774, 0.7338, 0.7838, 0.7849, 0.7433, 0.7572, 0.7433, 0.7998, 0.7657, 0.7923, 0.738, 0.804, 0.8051, 0.8179, 0.7433, 0.7391, 0.7774, 0.804, 0.8062, 0.7252, 0.8072, 0.8062, 0.8019, 0.754, 0.7732, 0.8285, 0.7977, 0.7529, 0.7508, 0.7945, 0.8094, 0.7476, 0.8019, 0.7891, 0.7614, 0.7455, 0.7859, 0.7604, 0.7636, 0.7859, 0.7593, 0.8051, 0.7753, 0.803, 0.8285, 0.7646, 0.7838, 0.819, 0.8104, 0.7838, 0.7785, 0.7891, 0.771, 0.8158, 0.7827, 0.7348, 0.7657, 0.7593, 0.8222, 0.7923, 0.7348, 0.7583, 0.7934, 0.8051, 0.7401, 0.7945, 0.7881, 0.7678, 0.7849, 0.8051, 0.7657, 0.8126, 0.738, 0.7476, 0.8285, 0.7881, 0.8126, 0.754, 0.7891, 0.7327, 0.787, 0.7561, 0.7625, 0.7274, 0.7955, 0.7423, 0.8009, 0.7774, 0.8168, 0.7306, 0.7284, 0.8285, 0.7742, 0.7604, 0.8243, 0.7806, 0.7891, 0.8009, 0.7497, 0.7764, 0.7977, 0.8232, 0.8222],
                "EC": [0.1806, 0.1806, 0.1804, 0.1803, 0.1805, 0.1803, 0.1803, 0.1801, 0.18, 0.1798, 0.18, 0.1798, 0.18, 0.1799, 0.1799, 0.1804, 0.18, 0.1801, 0.1801, 0.18, 0.1799, 0.1798, 0.1798, 0.1798, 0.1797, 0.1795, 0.1794, 0.0036, 0.3054, 0.309, 0.3226, 0.3075, 0.323, 0.3277, 0.3196, 0.3241, 0.3208, 0.3309, 0.3602, 0.3629, 0.3813, 0.3928, 0.3722, 0.312, 0.3876, 0.4053, 0.2852, 0.3097, 0.3098, 0.307, 0.305, 0.3105, 0.3148, 0.2816, 0.2871, 0.3085, 0.3089, 0.3111, 0.308, 0.3082, 0.3105, 0.3067, 0.2517, 0.296, 0.3047, 0.3085, 0.3139, 0.3187, 0.3014, 0.3141, 0.3101, 0.2886, 0.2924, 0.2886, 0.2894, 0.296, 0.2901, 0.2842, 0.2779, 0.2866, 0.2856, 0.3061, 0.3162, 0.3126, 0.3427, 0.3512, 0.3457, 0.3611, 0.3727, 0.2921, 0.2741, 0.2763, 0.3031, 0.3075, 0.3109, 0.3344, 0.3008, 0.4226, 0.3863, 0.3244, 0.3295, 0.3008, 0.3096, 0.3237, 0.3242, 0.331, 0.329, 0.3266, 0.3222, 0.2816, 0.2822, 0.346, 0.3524, 0.3556, 0.3569, 0.3298, 0.3572, 0.3628, 0.3508, 0.3683, 0.3682, 0.1801, 0.1878, 0.3408, 0.3341, 0.3395, 0.3375, 0.2996, 0.321, 0.3422, 0.334, 0.3316, 0.3152, 0.3329, 0.2277, 0.3282, 0.3311, 0.2604, 0.2296, 0.3096, 0.2832, 0.2593, 0.2906, 0.3201, 0.3237, 0.32, 0.3205, 0.3342, 0.3278, 0.3227, 0.3219, 0.3171, 0.2532, 0.2774, 0.2929, 0.3042, 0.309, 0.3, 0.2871, 0.2936, 0.2932, 0.2852, 0.3015, 0.2835, 0.2563, 0.266, 0.2779, 0.2654, 0.2714, 0.2715, 0.2786, 0.2666, 0.2758, 0.2799, 0.2919, 0.2836, 0.2842, 0.287, 0.291, 0.2963],
                "ORP": [0.3689, 0.3689, 0.3689, 0.3689, 0.3689, 0.3689, 0.3689, 0.3689, 0.3689, 0.3689, 0.3689, 0.3689, 0.3689, 0.3689, 0.3689, 0.3689, 0.3689, 0.3689, 0.3689, 0.3689, 0.3689, 0.3689, 0.3689, 0.3689, 0.3689, 0.3689, 0.3689, 0.3689, 0.3689, 0.3689, 0.3689, 0.3689, 0.3689, 0.3689, 0.3689, 0.3689, 0.3689, 0.3689, 0.3689, 0.3689, 0.3689, 0.3689, 0.3689, 0.3689, 0.3689, 0.3689, 0.3689, 0.3689, 0.3689, 0.3689, 0.3689, 0.3689, 0.3689, 0.3689, 0.6068, 0.6068, 0.6077, 0.6093, 0.6102, 0.6093, 0.6119, 0.6093, 0.6102, 0.6093, 0.6119, 0.6093, 0.6093, 0.6093, 0.6077, 0.6093, 0.6068, 0.6093, 0.5977, 0.6093, 0.6002, 0.6093, 0.5968, 0.6093, 0.5943, 0.6093, 0.5993, 0.6093, 0.5993, 0.6093, 0.5977, 0.6093, 0.5985, 0.6093, 0.606, 0.6093, 0.6119, 0.6093, 0.621, 0.6093, 0.6277, 0.6093, 0.6269, 0.5417, 0.5384, 0.5284, 0.5893, 0.5868, 0.5943, 0.5935, 0.5943, 0.5968, 0.6018, 0.6043, 0.6052, 0.6135, 0.6127, 0.6119, 0.6135, 0.6127, 0.6135, 0.6194, 0.6185, 0.5801, 0.5676, 0.5735, 0.5952, 0.606, 0.606, 0.6102, 0.6135, 0.6135, 0.611, 0.6085, 0.606, 0.6043, 0.6093, 0.6144, 0.6152, 0.6185, 0.6127, 0.6119, 0.6119, 0.6085, 0.611, 0.6077, 0.6068, 0.6077, 0.606, 0.6127, 0.6144, 0.6144, 0.6119, 0.6127, 0.6144, 0.6135, 0.6135, 0.6119, 0.6119, 0.6135, 0.6144, 0.6185, 0.6102, 0.6077, 0.606, 0.5977, 0.5968, 0.5968, 0.5993, 0.5993, 0.5993, 0.5918, 0.5927, 0.5952, 0.5952, 0.596, 0.5968, 0.6052, 0.6052, 0.6068, 0.6077, 0.6077, 0.6127, 0.6169, 0.621, 0.6219],
                "DO": [0.1301, 0.0965, 0.1476, 0.1441, 0.1, 0.1343, 0.0972, 0.1168, 0.1189, 0.0923, 0.0937, 0.1329, 0.1126, 0.1217, 0.0979, 0.1196, 0.0923, 0.1238, 0.1133, 0.1483, 0.1322, 0.142, 0.1322, 0.1147, 0.093, 0.1056, 0.135, 0.1329, 0.1524, 0.1357, 0.1364, 0.1224, 0.1308, 0.149, 0.158, 0.1469, 0.1594, 0.1175, 0.1161, 0.0993, 0.1098, 0.1091, 0.0972, 0.1455, 0.1531, 0.0937, 0.1042, 0.1357, 0.0979, 0.1503, 0.1203, 0.1608, 0.1077, 0.1224, 0.0937, 0.1133, 0.1014, 0.149, 0.1573, 0.0916, 0.1252, 0.1322, 0.1021, 0.1497, 0.1021, 0.1434, 0.107, 0.151, 0.1133, 0.1154, 0.1259, 0.1168, 0.0923, 0.1168, 0.1524, 0.1056, 0.1524, 0.1594, 0.0958, 0.107, 0.1608, 0.1434, 0.1175, 0.1063, 0.1406, 0.0909, 0.1168, 0.1531, 0.1531, 0.1517, 0.1559, 0.1545, 0.1476, 0.121, 0.1112, 0.1566, 0.1517, 0.1343, 0.121, 0.1399, 0.1608, 0.107, 0.0958, 0.1168, 0.1007, 0.1126, 0.1594, 0.1049, 0.1287, 0.1077, 0.0965, 0.1322, 0.1364, 0.1566, 0.1175, 0.107, 0.1462, 0.1315, 0.1063, 0.1594, 0.1161, 0.0923, 0.1, 0.1343, 0.1252, 0.1441, 0.121, 0.142, 0.1378, 0.0916, 0.1056, 0.1392, 0.1573, 0.1203, 0.1469, 0.0937, 0.1126, 0.107, 0.1301, 0.0944, 0.0979, 0.0923, 0.1497, 0.0937, 0.128, 0.1245, 0.1315, 0.1294, 0.107, 0.1552, 0.1259, 0.1084, 0.1119, 0.1357, 0.1385, 0.1503, 0.0986, 0.1203, 0.1063, 0.1119, 0.0937, 0.1531, 0.1357, 0.1462, 0.1559, 0.1601, 0.1147, 0.1476, 0.0951, 0.1566, 0.1224, 0.093, 0.1196, 0.1084, 0.1175, 0.1322, 0.0972, 0.135, 0.1133, 0.0986],
                "turbidity": [0.0058, 0.0054, 0.0054, 0.0045, 0.0048, 0.0048, 0.0045, 0.0045, 0.0051, 0.0048, 0.0042, 0.0045, 0.0045, 0.0045, 0.0038, 0.0042, 0.0042, 0.0042, 0.0035, 0.0042, 0.0042, 0.0042, 0.0038, 0.0035, 0.0042, 0.0048, 0.0045, 0.1779, 0.0474, 0.0474, 0.0387, 0.0931, 0.0384, 0.0515, 0.0509, 0.0445, 0.0653, 0.1709, 0.1815, 0.1757, 0.0288, 0.0192, 0.0314, 0.0534, 0.0835, 0.0669, 0.0733, 0.1053, 0.0883, 0.0726, 0.0698, 0.0605, 0.1127, 0.1312, 0.1229, 0.0903, 0.065, 0.0688, 0.1229, 0.2042, 0.0938, 0.1056, 0.0784, 0.1018, 0.1386, 0.1946, 0.1325, 0.0768, 0.1261, 0.1267, 0.1767, 0.1725, 0.1818, 0.1725, 0.1725, 0.1725, 0.1674, 0.1303, 0.1485, 0.1031, 0.1165, 0.1811, 0.1706, 0.161, 0.1815, 0.1719, 0.1744, 0.1658, 0.1831, 0.1645, 0.0883, 0.0871, 0.1155, 0.0746, 0.071, 0.1178, 0.1543, 0.1293, 0.1427, 0.1485, 0.0954, 0.1456, 0.16, 0.0614, 0.0714, 0.0963, 0.1133, 0.1091, 0.1082, 0.0899, 0.0656, 0.0678, 0.0826, 0.0774, 0.0781, 0.1379, 0.0794, 0.0803, 0.2794, 0.1459, 0.1319, 0.1917, 0.1504, 0.0541, 0.1031, 0.1699, 0.1847, 0.2554, 0.1191, 0.1248, 0.2071, 0.3031, 0.1885, 0.2496, 1, 0.1757, 0.3591, 1, 0.1738, 0.329, 0.8788, 1, 0.545, 0.7412, 0.8145, 0.8299, 0.1815, 0.1824, 0.1088, 0.1661, 0.169, 0.1744, 0.1671, 0.1792, 0.1815, 0.1658, 0.1699, 0.1779, 0.1658, 0.1776, 0.264, 0.3687, 0.1715, 0.1639, 0.4266, 0.1696, 0.1783, 0.1667, 0.1802, 0.1757, 0.1664, 0.1827, 0.1818, 0.1773, 0.1831, 0.1709, 0.1767, 0.1629, 0.1623, 0.1786],
                "transparency": [0.24, 0.3081, 0.2418, 0.3081, 0.2353, 0.3081, 0.2409, 0.3081, 0.2474, 0.3081, 0.3688, 0.3081, 0.3651, 0.3081, 0.3492, 0.4613, 0.4164, 0.4613, 0.366, 0.4613, 0.4435, 0.4613, 0.296, 0.4613, 0.3249, 0.4613, 0.3025, 0.4613, 0.3343, 0.4613, 0.4388, 0.4613, 0.3735, 0.4613, 0.3782, 0.4613, 0.352, 0.4613, 0.4613, 0.4613, 0.2951, 0.4613, 0.3352, 0.4613, 0.3212, 0.4613, 0.2923, 0.4613, 0.2951, 0.4613, 0.2923, 0.4613, 0.2652, 0.4613, 0.268, 0.4613, 0.2698, 0.4276, 0.2652, 0.4276, 0.2568, 0.4276, 0.2568, 0.4276, 0.7656, 0.4276, 0.8609, 0.4276, 0.3511, 0.4276, 0.4725, 0.4276, 0.4865, 0.4276, 0.4276, 0.4276, 0.4304, 0.4276, 0.4108, 0.4276, 0.3828, 0.4276, 0.2792, 0.4276, 0.3763, 0.4276, 0.3819, 0.4276, 0.3922, 0.4276, 0.845, 0.4276, 0.2857, 0.4276, 0.4613, 0.4276, 0.2661, 0.4276, 0.4295, 0.2586, 0.2605, 0.2726, 0.2605, 0.4388, 0.437, 0.3557, 0.3268, 0.338, 0.3175, 0.3782, 0.3567, 0.3632, 0.3735, 0.3754, 0.3557, 0.2708, 0.2876, 0.2876, 0.2829, 0.2876, 0.2838, 0.239, 0.366, 0.4052, 0.2754, 0.2754, 0.2754, 0.2754, 0.2754, 0.4519, 0.2754, 0.2754, 0.4015, 0.2754, 0.254, 0.2596, 0.2764, 0.2764, 0.2764, 0.2493, 0.2764, 0.2764, 0.2764, 0.2764, 0.2764, 0.2764, 0.2764, 0.3987, 0.3697, 0.3632, 0.3725, 0.3763, 0.3651, 0.3623, 0.3763, 0.381, 0.3819, 0.3641, 0.3548, 0.3128, 0.254, 0.4482, 0.267, 0.2633, 0.2605, 0.2493, 0.254, 0.2484, 0.268, 0.2642, 0.2633, 0.2586, 0.2596, 0.2512, 0.2652, 0.2764, 0.267, 0.2568, 0.2708, 0.2596],
                "COD": [0.3672, 0.3434, 0.3417, 0.3219, 0.326, 0.3492, 0.3643, 0.3399, 0.326, 0.3504, 0.3637, 0.3568, 0.369, 0.3306, 0.3568, 0.3144, 0.337, 0.3242, 0.3242, 0.3126, 0.3144, 0.3306, 0.3574, 0.3295, 0.3219, 0.3306, 0.3132, 0.3544, 0.3207, 0.351, 0.3707, 0.3579, 0.3788, 0.3736, 0.3812, 0.3661, 0.3579, 0.3655, 0.3486, 0.3742, 0.2737, 0, 0, 0, 0.4038, 0.5671, 0.5137, 0.3684, 0.3504, 0, 0.3911, 0, 0.394, 0, 0, 0, 0, 0, 0, 0.3451, 0.3544, 0.326, 0.3428, 0.3527, 0.4184, 0.4184, 0.4323, 0.4085, 0.3922, 0.4015, 0.3916, 0.2684, 0.5073, 0.2684, 0.258, 0.2231, 0.2382, 0.2318, 0.3016, 0.3004, 0.3021, 0.2998, 0.2992, 0.3027, 0.3027, 0.3027, 0.2998, 0.2992, 0.2992, 0.2998, 0.2981, 0.3045, 0.3016, 0.3039, 0.3004, 0.3027, 0.2987, 0.3027, 0.3033, 0.2975, 0.3021, 0.2998, 0.201, 0.2098, 0.2173, 0, 0.2313, 0.2452, 0.2545, 0.2586, 0.2435, 0.2423, 0.2464, 0.2667, 0.2295, 0.2621, 0.2295, 0.4724, 0.355, 0.3626, 0.3742, 0.3666, 0.4271, 0.3562, 0.3887, 0.3463, 0.3388, 0.3899, 0.3841, 0.3469, 0.3678, 0.3539, 0.3922, 0.2992, 0.2981, 0.3039, 0.3033, 0.2987, 0.3033, 0.2987, 0.2992, 0, 0.2981, 0.3039, 0.2987, 0.3027, 0.3039, 0.3004, 0.0424, 0.3324, 0.0023, 0.0035, 0.0424, 0.0261, 0.0482, 0.0232, 0.0192, 0.025, 0.0471, 0.0482, 0.0418, 0.0058, 0.0029, 0.0012, 0.0012, 0.0372, 0.4474, 0.3475, 0.3626, 0.3579, 0.3539, 0.3411, 0.319, 0.3341, 0.5067, 0.4648, 0.4759, 0, 0, 0],
                "P": [0.2065, 0.2163, 0.236, 0.2065, 0.2065, 0.2163, 0.2163, 0.2163, 0.2065, 0.2163, 0.2163, 0.2163, 0.2262, 0.2163, 0.2262, 0.236, 0.3147, 0.2852, 0.2852, 0.2655, 0.2852, 0.2557, 0.2655, 0.2557, 0.2458, 0.2458, 0.2557, 0.2655, 0.2557, 1, 1, 0.885, 1, 0.5113, 0.826, 0.4818, 0.4523, 0.8948, 0.5998, 0.7571, 0.767, 0.9046, 1, 0.8358, 0.8358, 1, 0.6588, 0.4916, 1, 0.3736, 0.413, 0.3441, 0.3343, 0.2458, 0.1377, 0.3343, 0.3147, 0.3441, 0.1377, 0.3736, 0.3441, 0.2852, 0.3245, 0.2852, 0.3048, 0.3147, 0.3343, 0.2655, 0.2458, 0.2852, 0.2655, 0.2852, 0.3048, 0.2852, 0.2753, 0.3048, 0.3048, 0.2852, 0.1278, 1, 0.2557, 0.2655, 0.2458, 0.2753, 0.295, 0.3933, 0.354, 0.4031, 0.4523, 0.3933, 0.1278, 0.0787, 0.9931, 0.118, 0.1278, 0.3048, 0.3147, 0.1278, 1, 0.8456, 0.531, 0.4621, 0.4916, 0.0688, 0.413, 0.3343, 0.3048, 0.295, 0.354, 0.1475, 0.1082, 0.3343, 0.3048, 0.2852, 0.2753, 0.3147, 0.0983, 0.295, 0.4228, 0.531, 0.5605, 0.5408, 0.0197, 0.6588, 0.4818, 0.3736, 0.3048, 0.3048, 0.3048, 0.2655, 0.3048, 1, 0, 0.3048, 0.0098, 0.2557, 0.2852, 0.2458, 0.0197, 0.295, 0, 0.0295, 0.295, 0.295, 0.2557, 0.2655, 0.2557, 0.3638, 0.3245, 0.3343, 0.3441, 0.2753, 1, 0.0295, 0.2852, 0, 0.0688, 0.5015, 0.2753, 0.0295, 0.3933, 0.3048, 0.3441, 0.295, 0.2655, 0.059, 0.6391, 0.2655, 0, 0.5113, 0.2458, 0.2557, 0.6096, 0.2753, 0.3048, 0.7178, 0.236, 0.4031, 0.2458, 0.2557],
                "NH3N": [0.522, 0.5271, 0.5026, 0.4858, 0.5207, 0.5065, 0.5065, 0.5233, 0.491, 0.4987, 0.5258, 0.491, 0.5271, 0.5039, 0.4755, 0.5026, 0.5, 0.5271, 0.4897, 0.5078, 0.5013, 0.5323, 0.4948, 0.5207, 0.5168, 0.4793, 0.5065, 0.4961, 0, 0.5052, 0.4703, 0.478, 0.4961, 0.4677, 0.4612, 0.5078, 0.4535, 0.4922, 0.4871, 0.4742, 0.2558, 0.2158, 0.2054, 0.2674, 0.823, 0.4819, 0.3579, 0.3204, 0.6008, 0.4625, 0.3669, 0.3656, 0.3269, 0, 0.5052, 0.8295, 0.4289, 0.2506, 0.7933, 0.1796, 0.2506, 0.3618, 0.4109, 0.6279, 0.2545, 0.2222, 0.354, 0.3398, 0.3863, 0.4315, 0, 0.4974, 0.4897, 0.4974, 0.4806, 0.3514, 0.2946, 0.3475, 0.4935, 0.4935, 0.4729, 0.5039, 0.2468, 0.345, 0.4173, 0.2933, 0.3062, 0.4147, 0.5207, 0.2481, 1, 0.4832, 1, 0.5233, 1, 0.301, 0, 0.4612, 0.5129, 1, 0.8282, 0.6977, 0.8036, 0, 0.3191, 1, 0.4625, 0.491, 0.5065, 0.4987, 0.4845, 0.4767, 0.4599, 0.4625, 0.5065, 0.4625, 0.4793, 0.0956, 0, 1, 1, 1, 0, 0.4522, 0.8811, 0.5168, 0.7351, 0.4664, 1, 1, 0.4302, 0, 0.509, 0.4587, 0.4961, 0.5129, 0.509, 0, 0, 0.4832, 1, 0.4961, 0, 0, 0.4767, 0.4703, 0.4819, 0.4651, 0.5827, 0.1473, 0, 0, 0, 0, 0, 0, 0, 0, 0, 0, 0, 0, 0, 0, 0, 0, 0.4535, 0.5013, 0.4548, 0.4961, 0.509, 0.4961, 0.4961, 0, 0.4793, 0.4729, 0.4922, 0.5039, 0.5052, 0],
                "flux": [0.878, 0.8268, 0.8669, 0.8217, 0.8268, 0.8853, 0.8116, 0.8463, 0.8601, 0.8325, 0.8116, 0.8347, 0.8709, 0.7847, 0.8525, 0.8116, 0.8163, 0.8183, 0.844, 0.8178, 0.8116, 0.7794, 0.8116, 0.8268, 0.8378, 0.8593, 0.811, 0.8087, 0.8116, 0.8116, 0.82, 0.8398, 0.822, 0.8006, 0.8248, 0.815, 0.8469, 0.8116, 0.8116, 0.8251, 0.8203, 0.8102, 0.824, 0.8695, 0.8296, 0.8565, 0.8336, 0.8116, 0.8231, 0.8062, 0.8347, 0.8155, 0.8587, 0.8116, 0.826, 0.8248, 0.8545, 0.8234, 0.8426, 0.8618, 0.8147, 0.8045, 0.8333, 0.8054, 0.813, 0.8774, 0.8454, 0.8116, 0.8409, 0.8429, 0.8147, 0.8085, 0.8116, 0.8085, 0.8565, 0.8231, 0.8127, 0.8576, 0.8256, 0.8, 0.8596, 0.824, 0.8407, 0.8003, 0.798, 0.8138, 0.8164, 0.8206, 0.8147, 0.8582, 0.8885, 0.8212, 0.8816, 0.8409, 0.8147, 0.8263, 0.8116, 0.8398, 0.8342, 0.8116, 0.8203, 0.8169, 0.8794, 0.8178, 0.8409, 0.8342, 0.8138, 0.8553, 0.9028, 0.8116, 0.8279, 0.8675, 0.8141, 0.8178, 0.8195, 0.8353, 0.8257, 0.8102, 0.8116, 0.8085, 0.8243, 0.8116, 0.8147, 0.8296, 0.8548, 0.8116, 0.8127, 0.8311, 0.8116, 0.8022, 0.8607, 0.8116, 0.8116, 0.8116, 0.8116, 0.8141, 0.8378, 0.8116, 0.8116, 0.8534, 0.8333, 0.8116, 0.8059, 0.8059, 0.8116, 0.8116, 0.8195, 0.8135, 0.8048, 0.8116, 0.8175, 0.8, 0.813, 0.8116, 0.7941, 0.8116, 0.8116, 0.8155, 0.844, 0.8212, 0.7946, 0.8409, 0.8224, 0.815, 0.881, 0.848, 0.8257, 0.876, 0.8964, 0.8158, 0.859, 0.8923, 0.8169, 0.848, 0.866, 0.8305, 0.8833, 0.8522, 0.826, 0.8565]
            },
            "errorarea": {
                "设备异常": [],
                "统计异常": [],
                "序列异常": []
            },
            "correlation": {
                "fields": ["temperature", "pH", "EC", "ORP", "DO", "turbidity", "transparency", "COD", "P", "NH3N", "flux"],
                "value": [
                    [1, 0.07393155169409733, 0.5114182933826956, -0.16692031572788302, 0.1675429962082543, -0.08380897546410715, 0.18139052293815822, 0.23741284763127515, 0.36768852809170216, 0.22327196336817742, -0.13102449303024225],
                    [0.07393155169409733, 1, 0.07492627607908116, -0.021021391745927803, -0.0663423601188496, -0.05537553583680837, 0.049273857561220186, -0.05284905581506748, 0.08539865205102509, 0.08436555943345966, 0.08443844194977171],
                    [0.5114182933826956, 0.07492627607908116, 1, 0.4178789226641144, 0.11796590810400231, 0.14005328442344206, 0.08146370766219138, -0.10669819501829897, 0.35226517069609026, -0.031248245351883565, -0.07258480423867428],
                    [-0.16692031572788302, -0.021021391745927803, 0.4178789226641144, 1, 0.027468944346200154, 0.4205138122687383, -0.11492895777899377, -0.206229489549215, -0.27838511656271825, -0.09972545942131594, 0.01649294363024275],
                    [0.1675429962082543, -0.0663423601188496, 0.11796590810400231, 0.027468944346200154, 1, -0.06419162590582478, 0.08730814423715294, -0.05756306568476448, 0.021841318327171944, -0.014172879049807912, -0.04523876700942123],
                    [-0.08380897546410715, -0.05537553583680837, 0.14005328442344206, 0.4205138122687383, -0.06419162590582478, 1, -0.2250700896067343, -0.10162102404538474, -0.1686280225454467, -0.141616467497091, -0.1085007218452149],
                    [0.18139052293815822, 0.049273857561220186, 0.08146370766219138, -0.11492895777899377, 0.08730814423715294, -0.2250700896067343, 1, 0.04713838500518464, 0.07096316071298607, 0.0009682966930034105, -0.10732867254062295],
                    [0.23741284763127515, -0.05284905581506748, -0.10669819501829897, -0.206229489549215, -0.05756306568476448, -0.10162102404538474, 0.04713838500518464, 1, 0.12909077982705072, 0.3200769287061063, 0.08233749466499561],
                    [0.36768852809170216, 0.08539865205102509, 0.35226517069609026, -0.27838511656271825, 0.021841318327171944, -0.1686280225454467, 0.07096316071298607, 0.12909077982705072, 1, 0.11699765838041384, -0.052010022586547834],
                    [0.22327196336817742, 0.08436555943345966, -0.031248245351883565, -0.09972545942131594, -0.014172879049807912, -0.141616467497091, 0.0009682966930034105, 0.3200769287061063, 0.11699765838041384, 1, 0.13445077096206362],
                    [-0.13102449303024225, 0.08443844194977171, -0.07258480423867428, 0.01649294363024275, -0.04523876700942123, -0.1085007218452149, -0.10732867254062295, 0.08233749466499561, -0.052010022586547834, 0.13445077096206362, 1]
                ]
            },
            "health": {
                "fields": ["temperature", "pH", "EC", "ORP", "DO", "turbidity", "transparency", "COD", "P", "NH3N", "flux"],
                "value": [0.2, 0.2, 0.2, 0, 0.2, 0.2, 1, 0.2, 0.2, 0.2, 0]
            }
        },
        "2018-10": {
            "timestamp": ["2018-10-01 00:00:00", "2018-10-01 04:00:00", "2018-10-01 08:00:00", "2018-10-01 12:00:00", "2018-10-01 16:00:00", "2018-10-01 20:00:00", "2018-10-02 00:00:00", "2018-10-02 04:00:00", "2018-10-02 08:00:00", "2018-10-02 12:00:00", "2018-10-02 16:00:00", "2018-10-02 20:00:00", "2018-10-03 00:00:00", "2018-10-03 04:00:00", "2018-10-03 08:00:00", "2018-10-03 12:00:00", "2018-10-03 16:00:00", "2018-10-03 20:00:00", "2018-10-04 00:00:00", "2018-10-04 04:00:00", "2018-10-04 08:00:00", "2018-10-04 12:00:00", "2018-10-04 16:00:00", "2018-10-04 20:00:00", "2018-10-05 00:00:00", "2018-10-05 04:00:00", "2018-10-05 08:00:00", "2018-10-05 12:00:00", "2018-10-05 16:00:00", "2018-10-05 20:00:00", "2018-10-06 00:00:00", "2018-10-06 04:00:00", "2018-10-06 08:00:00", "2018-10-06 12:00:00", "2018-10-06 16:00:00", "2018-10-06 20:00:00", "2018-10-07 00:00:00", "2018-10-07 04:00:00", "2018-10-07 08:00:00", "2018-10-07 12:00:00", "2018-10-07 16:00:00", "2018-10-07 20:00:00", "2018-10-08 00:00:00", "2018-10-08 04:00:00", "2018-10-08 08:00:00", "2018-10-08 12:00:00", "2018-10-08 16:00:00", "2018-10-08 20:00:00", "2018-10-09 00:00:00", "2018-10-09 04:00:00", "2018-10-09 08:00:00", "2018-10-09 12:00:00", "2018-10-09 16:00:00", "2018-10-09 20:00:00", "2018-10-10 00:00:00", "2018-10-10 04:00:00", "2018-10-10 08:00:00", "2018-10-10 12:00:00", "2018-10-10 16:00:00", "2018-10-10 20:00:00", "2018-10-11 00:00:00", "2018-10-11 04:00:00", "2018-10-11 08:00:00", "2018-10-11 12:00:00", "2018-10-11 16:00:00", "2018-10-11 20:00:00", "2018-10-12 00:00:00", "2018-10-12 04:00:00", "2018-10-12 08:00:00", "2018-10-12 12:00:00", "2018-10-12 16:00:00", "2018-10-12 20:00:00", "2018-10-13 00:00:00", "2018-10-13 04:00:00", "2018-10-13 08:00:00", "2018-10-13 12:00:00", "2018-10-13 16:00:00", "2018-10-13 20:00:00", "2018-10-14 00:00:00", "2018-10-14 04:00:00", "2018-10-14 08:00:00", "2018-10-14 12:00:00", "2018-10-14 16:00:00", "2018-10-14 20:00:00", "2018-10-15 00:00:00", "2018-10-15 04:00:00", "2018-10-15 08:00:00", "2018-10-15 12:00:00", "2018-10-15 16:00:00", "2018-10-15 20:00:00", "2018-10-16 00:00:00", "2018-10-16 04:00:00", "2018-10-16 08:00:00", "2018-10-16 12:00:00", "2018-10-16 16:00:00", "2018-10-16 20:00:00", "2018-10-17 00:00:00", "2018-10-17 04:00:00", "2018-10-17 08:00:00", "2018-10-17 12:00:00", "2018-10-17 16:00:00", "2018-10-17 20:00:00", "2018-10-18 00:00:00", "2018-10-18 04:00:00", "2018-10-18 08:00:00", "2018-10-18 12:00:00", "2018-10-18 16:00:00", "2018-10-18 20:00:00", "2018-10-19 00:00:00", "2018-10-19 04:00:00", "2018-10-19 08:00:00", "2018-10-19 12:00:00", "2018-10-19 16:00:00", "2018-10-19 20:00:00", "2018-10-20 00:00:00", "2018-10-20 04:00:00", "2018-10-20 08:00:00", "2018-10-20 12:00:00", "2018-10-20 16:00:00", "2018-10-20 20:00:00", "2018-10-21 00:00:00", "2018-10-21 04:00:00", "2018-10-21 08:00:00", "2018-10-21 12:00:00", "2018-10-21 16:00:00", "2018-10-21 20:00:00", "2018-10-22 00:00:00", "2018-10-22 04:00:00", "2018-10-22 08:00:00", "2018-10-22 12:00:00", "2018-10-22 16:00:00", "2018-10-22 20:00:00", "2018-10-23 00:00:00", "2018-10-23 04:00:00", "2018-10-23 08:00:00", "2018-10-23 12:00:00", "2018-10-23 16:00:00", "2018-10-23 20:00:00", "2018-10-24 00:00:00", "2018-10-24 04:00:00", "2018-10-24 08:00:00", "2018-10-24 12:00:00", "2018-10-24 16:00:00", "2018-10-24 20:00:00", "2018-10-25 00:00:00", "2018-10-25 04:00:00", "2018-10-25 08:00:00", "2018-10-25 12:00:00", "2018-10-25 16:00:00", "2018-10-25 20:00:00", "2018-10-26 00:00:00", "2018-10-26 04:00:00", "2018-10-26 08:00:00", "2018-10-26 12:00:00", "2018-10-26 16:00:00", "2018-10-26 20:00:00", "2018-10-27 00:00:00", "2018-10-27 04:00:00", "2018-10-27 08:00:00", "2018-10-27 12:00:00", "2018-10-27 16:00:00", "2018-10-27 20:00:00", "2018-10-28 00:00:00", "2018-10-28 04:00:00", "2018-10-28 08:00:00", "2018-10-29 00:00:00", "2018-10-29 04:00:00", "2018-10-29 08:00:00", "2018-10-29 12:00:00", "2018-10-29 16:00:00", "2018-10-29 20:00:00", "2018-10-30 00:00:00", "2018-10-30 04:00:00", "2018-10-30 08:00:00", "2018-10-30 12:00:00", "2018-10-30 16:00:00", "2018-10-30 20:00:00", "2018-10-31 00:00:00", "2018-10-31 04:00:00", "2018-10-31 08:00:00", "2018-10-31 12:00:00", "2018-10-31 16:00:00", "2018-10-31 20:00:00"],
            "data": {
                "temperature": [0.753, 0.7378, 0.7287, 0.7317, 0.7409, 0.7348, 0.7317, 0.7195, 0.7104, 0.7226, 0.7317, 0.7226, 0.7287, 0.7439, 0.7104, 0.7256, 0.7439, 0.7226, 0.7134, 0.7073, 0.7073, 0.7287, 0.7256, 0.7134, 0.7043, 0.6951, 0.689, 0.686, 0.6799, 0.6738, 0.6677, 0.6585, 0.6494, 0.6677, 0.6829, 0.6646, 0.6829, 0.6799, 0.6738, 0.7104, 0.6982, 0.7043, 0.689, 0.689, 0.6768, 0.6921, 0.7012, 0.6921, 0.689, 0.6829, 0.6799, 0.6982, 0.6951, 0.6921, 0.689, 0.6768, 0.6707, 0.6707, 0.6707, 0.6707, 0.6951, 0.628, 0.628, 0.6341, 0.628, 0.6372, 0.628, 0.6159, 0.6128, 0.622, 0.625, 0.6433, 0.6646, 0.6159, 0.6189, 0.6372, 0.628, 0.6494, 0.6738, 0.689, 0.622, 0.6494, 0.625, 0.628, 0.6555, 0.6768, 0.6098, 0.6341, 0.625, 0.628, 0.6555, 0.6738, 0.622, 0.6189, 0.622, 0.6067, 0.6128, 0.628, 0.5915, 0.6098, 0.628, 0.6006, 0.5976, 0.625, 0.6372, 0.6159, 0.6189, 0.6037, 0.5823, 0.5732, 0.5915, 0.5854, 0.6006, 0.5854, 0.5762, 0.5732, 0.5732, 0.5793, 0.5854, 0.5854, 0.5732, 0.5884, 0.6098, 0.5915, 0.5915, 0.6006, 0.5915, 0.5884, 0.5884, 0.5854, 0.5854, 0.5854, 0.5823, 0.5793, 0.5793, 0.6006, 0.6006, 0.5976, 0.5823, 0.5793, 0.5854, 0.5945, 0.6037, 0.5945, 0.622, 0.5884, 0.5884, 0.6037, 0.6037, 0.6037, 0.6037, 0.6037, 0.6037, 0.6098, 0.6098, 0.6098, 0.5976, 0.5854, 0.5762, 0.5823, 0.5823, 0.5884, 0.5854, 0.5579, 0.5579, 0.6098, 0.564, 0.5579, 0.5671, 0.5701, 0.5823, 0.5854, 0.5732, 0.5671, 0.5762, 0.5823, 0.5915, 0.6159, 0.6341, 0.5762, 0.5793, 0.5793, 0.5732],
                "pH": [0.7689, 0.8253, 0.8264, 0.8243, 0.7881, 0.7327, 0.7529, 0.803, 0.7348, 0.7583, 0.7732, 0.7583, 0.7827, 0.7966, 0.7476, 0.8147, 0.7412, 0.8296, 0.8179, 0.7529, 0.7796, 0.7338, 0.803, 0.7721, 0.7561, 0.7827, 0.7913, 0.738, 0.7923, 0.82, 0.77, 0.7359, 0.7923, 0.7444, 0.737, 0.7433, 0.7742, 0.8222, 0.7327, 0.7827, 0.7401, 0.787, 0.7838, 0.7497, 0.7487, 0.7519, 0.737, 0.8275, 0.7487, 0.7359, 0.7476, 0.7668, 0.8253, 0.7732, 0.7625, 0.7806, 0.8179, 0.7295, 0.8264, 0.7497, 0.7785, 0.7636, 0.7646, 0.7316, 0.738, 0.8147, 0.7625, 0.7529, 0.7359, 0.7955, 0.7987, 0.8232, 0.7945, 0.8158, 0.738, 0.7561, 0.7966, 0.7817, 0.8179, 0.7689, 0.7668, 0.7753, 0.7774, 0.738, 0.7902, 0.7593, 0.7753, 0.7998, 0.8019, 0.82, 0.7966, 0.7412, 0.7274, 0.7955, 0.7401, 0.7583, 0.754, 0.7838, 0.7838, 0.7444, 0.8275, 0.7742, 0.7604, 0.7391, 0.737, 0.787, 0.8051, 0.7614, 0.8179, 0.8307, 0.7955, 0.7678, 0.738, 0.7391, 0.7295, 0.7295, 0.7412, 0.7306, 0.7881, 0.7817, 0.7966, 0.754, 0.7252, 0.754, 0.7966, 0.7476, 0.8222, 0.8296, 0.7646, 0.7657, 0.7753, 0.7327, 0.7668, 0.8168, 0.7252, 0.8264, 0.8083, 0.7689, 0.7668, 0.7657, 0.7348, 0.7859, 0.7827, 0.8051, 0.7306, 0.8179, 0.7806, 0.7977, 0.7966, 0.7753, 0.7327, 0.7774, 0.77, 0.7689, 0.8115, 0.7551, 0.7966, 0.7774, 0.7338, 0.7657, 0.8264, 0.7657, 0.8158, 0.7657, 0.7657, 0.7902, 0.8168, 0.7306, 0.7987, 0.737, 0.8296, 0.7401, 0.8253, 0.8179, 0.7593, 0.7316, 0.8253, 0.7465, 0.77, 0.7774, 0.7433, 0.7614, 0.738],
                "EC": [0.3045, 0.3049, 0.3083, 0.3113, 0.3176, 0.3087, 0.3178, 0.3232, 0.3178, 0.3221, 0.3266, 0.3208, 0.3168, 0.3211, 0.329, 0.3322, 0.3343, 0.3329, 0.3315, 0.3295, 0.332, 0.3373, 0.334, 0.3356, 0.3307, 0.3277, 0.325, 0.3236, 0.3223, 0.3219, 0.3198, 0.3182, 0.3191, 0.3231, 0.3361, 0.3346, 0.3274, 0.3129, 0.3153, 0.3304, 0.3246, 0.3255, 0.3206, 0.3216, 0.3121, 0.3232, 0.3262, 0.345, 0.3294, 0.3268, 0.3296, 0.3187, 0.3182, 0.3193, 0.3188, 0.3425, 0.3247, 0.324, 0.3323, 0.3343, 0.3401, 0.317, 0.3029, 0.3036, 0.3023, 0.2821, 0.2815, 0.2764, 0.287, 0.296, 0.2823, 0.2781, 0.2833, 0.273, 0.274, 0.2781, 0.2779, 0.2777, 0.2834, 0.2867, 0.2874, 0.2946, 0.2887, 0.2934, 0.3, 0.3044, 0.3004, 0.3041, 0.3026, 0.3071, 0.3143, 0.3185, 0.309, 0.2995, 0.2992, 0.2985, 0.298, 0.3012, 0.2982, 0.2994, 0.3048, 0.3033, 0.3019, 0.3071, 0.3105, 0.3008, 0.3011, 0.2978, 0.2988, 0.2979, 0.3021, 0.293, 0.2946, 0.2899, 0.2898, 0.2969, 0.2878, 0.3031, 0.3001, 0.2965, 0.2973, 0.3104, 0.3151, 0.307, 0.3146, 0.3123, 0.3076, 0.3057, 0.296, 0.3022, 0.3055, 0.3053, 0.3052, 0.303, 0.3034, 0.3081, 0.3099, 0.3994, 0.3979, 0.3994, 0.3068, 0.3093, 0.3104, 0.3088, 0.3148, 0.3023, 0.2983, 0.3015, 0.2976, 0.2983, 0.3013, 0.2959, 0.2972, 0.2986, 0.2944, 0.2886, 0.2894, 0.2854, 0.2922, 0.3718, 0.2873, 0.3708, 0.1927, 0.3743, 0.3782, 0.2899, 0.2791, 0.2837, 0.2812, 0.286, 0.2883, 0.3001, 0.2917, 0.2892, 0.2948, 0.2947, 0.2993, 0.3008, 0.3049, 0.2968, 0.3049, 0.3014, 0.2994],
                "ORP": [0.6244, 0.6227, 0.6244, 0.6277, 0.6269, 0.6285, 0.6344, 0.6319, 0.6294, 0.6361, 0.6344, 0.6352, 0.6369, 0.6394, 0.6402, 0.6394, 0.6402, 0.6402, 0.6419, 0.6452, 0.6503, 0.6536, 0.6461, 0.6486, 0.6494, 0.6519, 0.6519, 0.6519, 0.6536, 0.6519, 0.6519, 0.6503, 0.6511, 0.6561, 0.6569, 0.6486, 0.6452, 0.6469, 0.6461, 0.6461, 0.6461, 0.6452, 0.6469, 0.6469, 0.6469, 0.6477, 0.6486, 0.6553, 0.6553, 0.6694, 0.6561, 0.6586, 0.6603, 0.6619, 0.6711, 0.6753, 0.6761, 0.672, 0.6886, 0.6678, 0.6411, 0.6436, 0.6444, 0.6277, 0.6277, 0.6336, 0.6252, 0.626, 0.626, 0.626, 0.621, 0.621, 0.6194, 0.6194, 0.6194, 0.6177, 0.6177, 0.6185, 0.6269, 0.6277, 0.6294, 0.6336, 0.6336, 0.6344, 0.6411, 0.6427, 0.6469, 0.6486, 0.6469, 0.6469, 0.6444, 0.6411, 0.6411, 0.6411, 0.6469, 0.6469, 0.6469, 0.6469, 0.6469, 0.6486, 0.6469, 0.6469, 0.6477, 0.6469, 0.6486, 0.6486, 0.6477, 0.6494, 0.6503, 0.6511, 0.6544, 0.6519, 0.6528, 0.6553, 0.6553, 0.6561, 0.6553, 0.6553, 0.6561, 0.6553, 0.6594, 0.6578, 0.6578, 0.6586, 0.6586, 0.6594, 0.6511, 0.6511, 0.6511, 0.6536, 0.6536, 0.6544, 0.6536, 0.6544, 0.6536, 0.6528, 0.6528, 0.6528, 0.6519, 0.6528, 0.6519, 0.6494, 0.6503, 0.6494, 0.6436, 0.6436, 0.6444, 0.626, 0.626, 0.6386, 0.6319, 0.6336, 0.6327, 0.6327, 0.6327, 0.6327, 0.6302, 0.6302, 0.6302, 0.6369, 0.6369, 0.6369, 0.5159, 0.6386, 0.6411, 0.6327, 0.6327, 0.6327, 0.6327, 0.6327, 0.6419, 0.6427, 0.6436, 0.6469, 0.6477, 0.6411, 0.6436, 0.6536, 0.6519, 0.6536, 0.6327, 0.6327, 0.6327],
